       Qx        Qy        Qz       |Q|    Intensity   Errorbar
   1.2977   -0.6043    0.0026    1.4315        486.6         12
   1.3009   -0.6072   -0.2561    1.4583          315          6
   1.3056   -0.6106    0.2561    1.4639        637.2         35
   1.2866   -0.6052    0.5114    1.5110        44.15        5.9
   1.2887   -0.5990   -0.5143    1.5113         18.1        3.1
   0.0007    0.0004    1.5335    1.5335        295.9        5.5
   1.3007   -0.6178    0.7529    1.6249        115.4        9.8
   1.3120   -0.6149   -0.7493    1.6312        25.15          3
   1.2902   -0.6006    1.0337    1.7590        1.008       0.08
   0.0001   -0.0002    1.8046    1.8046        140.1         14
   1.3152   -0.6024    1.2828    1.9334        3.495       0.55
  -0.0010    0.0035    2.0434    2.0434        337.5         17
   1.2984   -0.6071    1.5331    2.0988        38.58        1.2
   1.3009   -0.6067    1.7882    2.2930        664.1         11
  -0.0052   -0.0081    2.3270    2.3270        18.02        2.3
   2.4771    0.2166    0.0004    2.4866         1504         26
   1.3027   -0.6042    2.0457    2.4994        101.5        4.1
   2.4735    0.2222   -0.5162    2.5365         57.4        4.4
   2.4822    0.2211    0.5084    2.5433        19.94        1.5
  -0.0024   -0.0045    2.5560    2.5560        50.77        1.2
   2.4604    0.2269    1.0351    2.6789        50.71        6.6
   1.2999   -0.6066    2.3005    2.7111        166.7        3.7
   2.4770    0.2179    1.5347    2.9221         3366         79
   1.3022   -0.6060    2.5553    2.9313        48.81        1.6
  -0.0000   -0.0019    3.0675    3.0675         5945    1.5e+02
   1.3012   -0.6065    2.8104    3.1559          639         13
   2.4766    0.2154    2.0432    3.2179        318.9        5.9
   1.3019   -0.6068    3.0652    3.3851        673.6         13
  -1.3008    0.6054    3.0662    3.3853        622.5         19
   2.4765    0.2173    2.5546    3.5646        117.5        2.3
   0.0013    0.0005    3.5780    3.5780        711.1         28
  -1.3046    0.6084    3.3212    3.6197        79.07        2.6
   1.3027   -0.6052    3.3227    3.6199        80.49        2.8
   3.7737   -0.3935   -0.0032    3.7941        160.5         16
   3.7779   -0.3917    0.2594    3.8070        173.5        3.1
  -1.2988    0.6059    3.5781    3.8545        177.8        3.8
   1.2983   -0.6044    3.5787    3.8546        205.9        5.2
   3.7727   -0.3738    1.0265    3.9277        20.36          2
   2.4734    0.2197    3.0693    3.9480        292.1         14
   0.0019    0.0003    4.0874    4.0874        436.7        7.8
   1.2984   -0.6085    3.8311    4.0907        148.8        5.6
   3.7768   -0.3822    1.5276    4.0920        6.278       0.22
  -1.3030    0.6045    3.8326    4.0930        115.4        3.8
  -2.4703   -0.2293    3.3209    4.1453        20.75        4.2
   3.7810   -0.3845    1.7838    4.1983        394.8        8.4
   3.7779   -0.3916    2.0435    4.3130        68.69        1.6
  -1.2974    0.6082    4.0875    4.3314        53.45        1.2
   1.2958   -0.6067    4.0884    4.3316        53.28       0.87
  -2.4766   -0.2176    3.5763    4.3556        706.6         16
   2.4789    0.2160    3.5771    4.3575          708         15
   3.7789   -0.3951    2.3029    4.4429        188.9         11
  -1.2924    0.5973    4.3322    4.5601         42.5        4.9
   1.3049   -0.6244    4.3249    4.5604         58.4        6.5
   3.7761   -0.3896    2.5553    4.5761        52.01        1.4
  -0.0011    0.0007    4.5975    4.5975         1152         25
55 peaks
